3 7 109 673
3 7 541 4159
3 11 701 8747
3 11 2069 2297
3 11 2069 8219
3 11 2069 8747
3 17 449 2069
3 17 449 6353
3 17 449 6599
3 17 2069 2297
3 31 1237 6571
3 31 7591 8431
3 37 67 2377
3 37 67 5923
3 37 1237 8713
3 37 1699 8713
3 37 2377 4159
3 37 4729 7963
3 37 5923 7963
3 73 6793 7159
3 191 2069 8747
3 331 739 8431
3 467 617 4253
3 1237 6571 8713
3 1699 6571 8713
3 2503 5281 5869
3 3923 4919 8783
3 4729 7963 9181
7 19 97 3727
7 19 97 4507
7 19 1249 3727
7 19 3727 5659
7 61 487 8941
7 61 1693 3181
7 127 6949 7723
7 433 1471 3613
7 433 3613 9613
7 541 2467 8167
7 829 2671 3361
7 853 2269 8779
7 853 8017 8779
7 1237 1549 3019
7 1249 3727 6949
7 1249 4441 6949
7 2089 2953 3181
7 2089 3181 4219
7 2269 3613 5821
7 3019 7351 9613
11 23 743 1871
11 23 1871 8171
11 23 1871 8681
11 23 3083 8747
11 23 5849 8681
11 23 6329 7331
11 239 1049 1847
11 239 1091 1847
11 239 3467 5807
11 353 4967 5849
11 353 4967 8219
11 353 6791 8831
11 701 7541 8747
11 1103 5807 6329
11 2297 4967 7127
11 4013 4643 5153
11 4547 6791 8831
11 4643 5153 5849
13 19 5077 6043
13 19 6991 9697
13 61 2383 5431
13 127 6733 7993
13 1543 3967 8053
13 2383 5431 8599
13 2383 6733 8599
13 2851 4951 9697
13 4327 4591 9883
13 4363 8461 9091
13 4951 6343 9697
13 5197 5701 6733
13 5197 5701 8389
13 5197 6733 8389
13 5701 6733 8389
17 449 6353 9923
17 2741 3917 4649
17 2741 3917 6899
17 2741 4649 8537
19 31 181 9679
19 31 991 8641
19 31 1237 6271
19 31 6271 8641
19 3727 6961 8623
19 3847 5737 8929
19 6991 9403 9697
23 47 1481 4211
23 47 2333 5927
23 47 4211 5483
23 89 2357 6323
23 311 677 827
23 677 827 1871
23 743 1871 6323
23 1607 5009 5849
23 2003 3557 5051
23 2357 6323 8237
23 2819 3617 7607
29 71 5237 6563
29 683 6047 9311
29 3767 4523 6911
31 1123 2029 2281
31 1123 2029 5281
31 1153 5179 9439
31 1279 6271 8641
31 2029 5701 9439
31 2311 4549 8287
31 3037 3331 5701
31 4549 8287 9133
31 7591 8431 9049
37 967 5779 8761
37 991 2269 3613
37 1549 2707 3463
37 1873 7963 8011
37 2707 4909 5857
37 4177 7537 8101
41 1013 7187 7331
43 97 1381 8521
43 613 6547 6967
43 1051 2389 9697
43 2251 4111 9349
47 251 5147 5273
47 947 1439 4931
47 1091 4931 9833
47 1481 4211 8963
47 1481 5639 8963
47 2063 6599 9239
47 2333 5297 6701
59 1289 3767 8933
59 1319 5981 9341
59 2531 4889 8123
59 6569 6779 8537
61 1483 2341 9511
67 619 5419 7687
67 1933 7639 9907
71 821 1163 5849
71 4517 6869 8087
71 5417 7001 9239
79 367 1117 8887
79 967 1117 3511
79 1801 3253 3547
79 3253 3517 8263
83 449 6491 7583
89 107 1061 4973
89 821 6521 8663
89 5003 5087 8147
97 379 2221 5581
97 2221 4513 5581
101 2633 2699 4337
109 2389 7351 9619
127 271 6733 9043
127 2281 6361 6481
131 797 2411 5519
137 3989 9239 9491
151 397 4657 7933
151 4657 6217 7933
151 4801 5197 6733
163 367 4597 5563
199 3259 4327 5107
229 613 4021 6733
233 1583 7043 7949
239 1049 1847 7523
251 5273 5651 8093
269 617 887 2741
283 463 3001 9931
283 1237 1657 9931
283 1321 3001 6607
293 467 617 9473
311 821 827 8663
311 1223 6761 8867
313 1231 4231 6037
313 1747 4231 6037
317 1601 9257 9749
347 443 983 9857
353 4967 5573 8219
367 1117 8887 9601
383 941 3527 9239
383 1721 3359 9677
397 907 3919 4567
397 2251 2593 7927
397 4657 7177 7933
401 2441 3671 7691
401 3407 3671 7691
409 1471 4561 8779
419 443 7757 7883
419 449 563 5297
443 1811 6863 8699
449 5009 7109 9839
467 587 617 6323
467 587 617 9473
521 1523 2447 7907
593 3203 3467 7949
677 1283 5807 7949
677 2309 4451 6257
691 727 5197 8389
701 1607 5471 8171
809 1361 2141 3947
809 3947 4679 5393
821 1109 6521 8663
941 1709 3137 9923
967 5623 6421 6949
1063 3001 3499 9931
1069 6529 8329 8461
1087 5413 5569 6451
1103 3041 6317 7529
1109 6521 8369 8663
1123 3919 5281 7489
1153 1699 6691 7507
1181 1847 2687 8069
1193 4931 5009 8501
1217 2273 8627 8861
1217 2309 5081 7817
1217 2309 7817 8861
1283 1619 4127 7949
1283 1619 8513 8747
1283 1667 6287 9137
1289 2801 4733 7919
1319 2243 2789 4133
1367 1733 7043 7949
1381 1789 4111 9811
1399 3433 4987 8461
1409 4517 5387 9689
1439 2003 5657 6983
1439 3833 5657 6983
1447 2803 3769 4051
1451 2699 3413 3761
1459 1873 3511 7963
1483 3457 5869 8209
1523 2447 5813 7907
1523 3203 5279 6827
1567 5641 7759 9091
1583 1877 2447 6113
1583 5861 6143 8171
1621 2767 3187 7477
1709 2333 2843 8831
1721 3347 8231 8273
1753 1951 3547 3643
1753 3847 5197 8929
1783 2953 3643 4273
1783 2953 4273 8461
1847 2687 4007 8693
1847 5801 8693 8783
1873 3511 7963 8011
1889 2777 8291 9533
1973 5711 8291 8573
1993 3457 5869 8209
2017 2689 4423 8317
2039 3299 3767 4523
2053 6361 8521 8923
2063 2243 5477 6599
2243 5477 6599 8081
2269 4057 4663 7879
2269 4057 7879 9109
2287 4483 6793 9049
2333 5261 5987 8831
2389 5167 8761 9619
2441 3671 5381 9929
2557 7687 8521 8821
2593 3307 5443 7039
2801 4733 6689 7331
2837 6449 9209 9431
2897 3209 4721 9257
2897 4721 4877 5501
2957 4451 6803 9791
3037 3433 4987 8461
3037 3433 6607 8461
3049 4831 8191 8737
3109 4801 6733 7993
3187 4561 6379 8017
3253 5479 7927 9817
3271 5653 5923 9013
3307 5443 7039 9391
3343 4561 6379 9811
3391 3433 3643 6607
3547 3643 5449 9817
3643 5449 8929 9817
4201 6217 8161 8863
4663 5839 7753 8233
4877 5711 8291 8573
4919 7481 7607 8741
5023 5443 6841 7039
5107 6793 7717 9901
5197 5701 6733 8389
5417 8219 8819 9239
5443 6637 6841 7039
5737 8521 8677 9613
6217 6679 8161 8863
6569 6689 6779 8537
6569 6779 8537 9551
